18,6/22/2016,-,-,-,-,-,-,-,-,-,-,-,-,-,-,-,-,-
9,6/20/2016,620,108,0,0,620,108,0,0,0,0,3,2,n/a,1,1,0,0
9,6/22/2016,709,85,0,0,709,85,0,0,0,0,11,10,n/a,4,0,0,0
1,6/22/2016,3392,201,0,0,3392,201,0,0,0,0,529,244,83666,17352,195,0,0
7,6/17/2016,593,65,0,0,593,65,0,0,0,0,17,14,11517,6,0,0,0
7,6/18/2016,779,80,0,0,779,80,0,0,0,0,3,1,10207,7,0,0,0
16,6/21/2016,-,-,-,-,-,-,-,-,-,-,-,-,-,-,-,-,-
17,6/18/2016,3270,361,0,0,3270,361,0,0,0,0,122,57,n/a,13788,51,0,0
8,6/18/2016,2490,149,0,0,2490,149,0,0,0,0,56,29,n/a,7411,34,0,0
17,6/21/2016,1966,120,0,0,1966,120,0,0,0,0,125,50,n/a,16379,94,0,0
15,6/22/2016,-,-,-,-,-,-,-,-,-,-,-,-,-,-,-,-,-
11,6/17/2016,725,126,0,0,725,126,0,0,0,0,26,9,n/a,0,0,0,0
16,6/17/2016,742,7,742,7,0,0,0,0,0,0,1,1,n/a,611,0,0,0
1,6/17/2016,2770,298,0,0,2770,298,0,0,0,0,300,127,91502,14064,486,0,0
12,6/17/2016,1986,120,0,0,1986,120,0,0,0,0,30,20,23425,5566,1,0,0
10,6/22/2016,401,70,0,0,401,70,0,0,0,0,9,5,48,0,0,0,0
12,6/22/2016,1850,121,0,0,1850,121,0,0,0,0,56,39,24540,8953,1,0,0
7,6/21/2016,282,40,0,0,282,40,0,0,0,0,18,6,12462,14,0,0,0
19,6/21/2016,712,4,712,4,0,0,0,0,0,0,0,0,n/a,656,0,0,0
10,6/21/2016,571,122,0,0,571,122,0,0,0,0,14,12,127,4,0,0,0
17,6/17/2016,2282,200,0,0,2282,200,0,0,0,0,82,40,n/a,8019,40,0,0
15,6/20/2016,741,20,0,0,741,20,0,0,0,0,3,1,n/a,893,0,0,0
7,6/19/2016,387,47,0,0,387,47,0,0,0,0,10,10,4369,7,0,0,0
19,6/20/2016,116,1,116,1,0,0,0,0,0,0,0,0,n/a,414,0,0,0
8,6/19/2016,2719,239,0,0,2719,239,0,0,0,0,66,43,n/a,12876,30,0,0
19,6/18/2016,143,9,143,9,0,0,0,0,0,0,2,0,n/a,119,0,0,0
18,6/17/2016,1146,34,0,0,1146,34,0,0,0,0,3,n/a,0,1433,7,0,0
18,6/19/2016,661,29,0,0,661,29,0,0,0,0,4,n/a,0,1113,3,0,0
10,6/18/2016,468,61,0,0,468,61,0,0,0,0,6,7,53,0,0,0,0
16,6/19/2016,825,6,825,6,0,0,0,0,0,0,0,0,n/a,1000,0,0,0
18,6/20/2016,2087,55,0,0,2087,55,0,0,0,0,20,n/a,0,2985,3,0,0
14,6/17/2016,920,88,0,0,920,88,0,0,0,0,0,n/a,0,1035,12,0,0
19,6/16/2016,243,10,243,10,0,0,0,0,0,0,0,0,n/a,122,0,0,0
15,6/19/2016,680,5,0,0,680,5,0,0,0,0,2,1,n/a,790,0,0,0
11,6/16/2016,529,72,0,0,529,72,0,0,0,0,12,7,n/a,0,0,0,0
15,6/18/2016,1164,26,0,0,1164,26,0,0,0,0,6,5,n/a,1250,0,0,0
1,6/18/2016,2003,300,0,0,2003,300,0,0,0,0,263,100,73972,12899,461,0,0
9,6/18/2016,424,66,0,0,424,66,0,0,0,0,6,4,n/a,2,0,0,0
11,6/19/2016,793,131,0,0,793,131,0,0,0,0,19,9,n/a,7,1,0,0
17,6/19/2016,1961,248,0,0,1961,248,0,0,0,0,152,76,n/a,12146,33,0,0
11,6/20/2016,513,79,0,0,513,79,0,0,0,0,23,15,n/a,5,1,0,0
11,6/18/2016,390,73,0,0,390,73,0,0,0,0,19,12,n/a,2,0,0,0
17,6/16/2016,2827,150,0,0,2827,150,0,0,0,0,62,45,n/a,8179,68,0,0
16,6/20/2016,355,1,0,0,355,1,0,0,0,0,0,0,n/a,802,0,0,0
14,6/18/2016,503,22,0,0,503,22,0,0,0,0,2,n/a,0,1164,3,0,0
14,6/22/2016,-,-,-,-,-,-,-,-,-,-,-,-,-,-,-,-,-
12,6/20/2016,1939,122,0,0,1939,122,0,0,0,0,26,18,26737,5595,3,0,0
1,6/20/2016,2274,275,0,0,2274,275,0,0,0,0,308,124,55841,20300,348,0,0
12,6/21/2016,2956,222,0,0,2956,222,0,0,0,0,58,33,18708,11809,2,0,0
1,6/19/2016,2949,282,0,0,2949,282,0,0,0,0,335,106,38073,22142,344,0,0
9,6/21/2016,402,80,0,0,402,80,0,0,0,0,10,6,n/a,1,0,0,0
10,6/20/2016,456,79,0,0,456,79,0,0,0,0,7,6,172,2,0,0,0
18,6/16/2016,878,43,0,0,878,43,0,0,0,0,0,n/a,0,968,3,0,0
9,6/17/2016,384,56,0,0,384,56,0,0,0,0,8,7,n/a,0,0,0,0
19,6/22/2016,-,-,-,-,-,-,-,-,-,-,-,-,-,-,-,-,-
18,6/21/2016,1740,46,0,0,1740,46,0,0,0,0,19,n/a,2,5353,7,0,0
7,6/22/2016,372,40,0,0,372,40,0,0,0,0,22,6,14343,11,3,0,0
12,6/16/2016,2353,184,0,0,2353,184,0,0,0,0,41,27,17895,4576,1,0,0
7,6/20/2016,565,70,0,0,565,70,0,0,0,0,17,14,8553,4,0,0,0
9,6/19/2016,425,88,0,0,425,88,0,0,0,0,10,6,n/a,0,0,0,0
8,6/17/2016,2408,216,0,0,2408,216,0,0,0,0,44,34,n/a,8972,35,0,0
1,6/16/2016,3545,395,0,0,3545,395,0,0,0,0,320,128,54892,12243,128,0,0
19,6/17/2016,287,11,287,11,0,0,0,0,0,0,2,1,n/a,267,0,0,0
12,6/18/2016,1321,60,0,0,1321,60,0,0,0,0,20,12,23677,3931,4,0,0
18,6/18/2016,453,207,0,0,453,207,0,0,0,0,2,n/a,0,439,3,0,0
19,6/19/2016,498,14,498,14,0,0,0,0,0,0,2,1,n/a,540,0,0,0
14,6/19/2016,2246,87,0,0,2246,87,0,0,0,0,22,n/a,0,5458,9,0,0
8,6/20/2016,1844,128,0,0,1844,128,0,0,0,0,82,44,n/a,11396,66,0,0
11,6/22/2016,368,75,0,0,368,75,0,0,0,0,28,21,n/a,7,0,0,0
16,6/22/2016,-,-,-,-,-,-,-,-,-,-,-,-,-,-,-,-,-
10,6/19/2016,557,80,0,0,557,80,0,0,0,0,5,5,95,0,0,0,0
17,6/22/2016,1706,148,0,0,1706,148,0,0,0,0,149,57,n/a,16629,65,0,0
9,6/16/2016,622,72,0,0,622,72,0,0,0,0,5,5,n/a,0,0,0,0
14,6/16/2016,1077,26,0,0,1077,26,0,0,0,0,3,n/a,0,1212,5,0,0
10,6/16/2016,601,76,601,76,0,0,0,0,0,0,8,7,44,0,0,0,0
15,6/17/2016,757,9,757,9,0,0,0,0,0,0,1,1,n/a,915,0,0,0
15,6/21/2016,-,-,-,-,-,-,-,-,-,-,-,-,-,-,-,-,-
16,6/18/2016,301,1,301,1,0,0,0,0,0,0,1,0,n/a,554,0,0,0
1,6/21/2016,2288,230,0,0,2288,230,0,0,0,0,382,154,52555,18783,326,0,0
8,6/21/2016,1622,152,0,0,1622,152,0,0,0,0,89,48,n/a,13835,17,0,0
14,6/21/2016,1360,101,0,0,1360,101,0,0,0,1,26,n/a,-1,6610,14,0,0
8,6/16/2016,2069,95,0,0,2069,95,0,0,0,0,45,36,n/a,5492,28,0,0
14,6/20/2016,2079,42,0,0,2079,42,0,0,0,0,23,n/a,0,4514,12,0,0
7,6/16/2016,834,69,0,0,834,69,0,0,0,0,18,10,1691,2,0,0,0
10,6/17/2016,536,77,536,77,0,0,0,0,0,0,7,5,66,0,0,0,0
16,6/16/2016,167,5,167,5,0,0,0,0,0,0,0,0,n/a,299,0,0,0
11,6/21/2016,789,114,0,0,789,114,0,0,0,0,32,22,n/a,0,0,0,0
17,6/20/2016,1948,144,0,0,1948,144,0,0,0,0,126,60,n/a,14335,100,0,0
15,6/16/2016,909,17,909,17,0,0,0,0,0,0,2,2,n/a,657,0,0,0
12,6/19/2016,1963,120,0,0,1963,120,0,0,0,0,34,20,24430,8430,0,0,0
8,6/22/2016,1884,145,0,0,1884,145,0,0,0,0,107,52,n/a,18976,42,0,0
